,130
0,0,0,0,0,0,0,0,0,0,0,0,0,0,0,0,130
0,0,0,0,0,0,0,0,0,0,0,0,0,0,0,0,130
1,0,0,0,0,0,0,0,0,0,0,0,0,0,0,0,130
50,4,4,0,0,0,0,0,0,0,0,0,0,0,0,0,130
119,33,19,1,0,0,0,0,0,0,0,0,0,0,0,0,130
189,67,53,9,0,0,0,0,0,0,0,0,0,0,0,0,130
254,102,94,22,0,0,0,0,0,0,0,0,0,0,0,0,130
254,136,135,35,1,0,5,2,0,0,0,0,0,0,0,0,130
254,171,177,45,1,0,32,24,0,0,0,0,0,0,0,0,130
254,204,216,51,1,2,61,62,0,0,0,0,0,0,0,0,130
254,245,252,58,2,6,96,105,0,0,0,1,0,0,0,0,130
254,254,235,55,2,10,133,149,0,0,1,2,0,0,0,0,130
254,254,254,67,1,14,172,192,0,0,1,3,0,0,0,0,130
254,254,254,82,1,18,211,236,0,0,1,3,0,0,0,0,130
254,254,254,85,1,22,227,254,0,0,1,4,0,0,0,0,130
254,254,254,84,1,25,239,254,0,0,1,5,0,0,0,0,130
254,254,254,86,1,28,254,254,0,0,2,9,0,0,0,0,130
254,254,254,90,1,28,254,254,0,0,2,11,0,0,0,0,130
254,254,254,98,1,27,254,254,0,0,2,13,0,0,0,0,130
254,254,254,105,1,27,252,254,0,0,2,15,0,0,0,0,130
254,254,254,108,1,27,251,254,0,0,2,15,0,0,0,0,130
254,254,254,109,1,27,251,254,0,0,2,15,0,0,0,0,130
254,254,254,110,1,27,250,254,0,0,2,15,0,0,0,0,130
254,254,254,109,1,27,249,254,0,0,2,15,0,0,0,0,130
254,254,254,108,1,27,250,254,0,0,2,15,0,0,0,0,130
254,254,254,106,1,27,251,254,0,0,2,14,0,0,0,0,130
254,254,254,105,1,27,250,254,0,0,2,14,0,0,0,0,130
254,254,254,106,1,27,249,254,0,0,2,14,0,0,0,0,130
254,254,254,107,1,27,248,254,0,0,2,14,0,0,0,0,130
254,254,254,106,1,27,247,254,0,0,2,14,0,0,0,0,130
254,254,254,106,1,27,246,254,0,0,2,14,0,0,0,0,130
254,254,254,105,1,27,246,254,0,0,2,13,0,0,0,0,130
254,254,254,104,1,27,245,254,0,0,2,13,0,0,0,0,130
254,254,254,104,1,27,245,254,0,0,2,12,0,0,0,0,130
254,254,254,106,1,27,244,254,0,0,2,12,0,0,0,0,130
254,254,254,107,1,27,244,254,0,0,2,12,0,0,0,0,130
254,254,254,108,1,27,244,254,0,0,2,11,0,0,0,0,130
254,254,254,109,1,27,244,254,0,0,2,11,0,0,0,0,130
254,254,254,108,1,27,245,254,0,0,2,11,0,0,0,0,130
254,254,254,108,1,27,245,254,0,0,2,11,0,0,0,0,130
254,254,254,110,1,27,245,254,0,0,2,11,0,0,0,0,130
254,254,254,112,1,27,245,254,0,0,2,11,0,0,0,0,130
254,254,254,113,2,27,246,254,0,0,2,11,0,0,0,0,130
254,254,254,114,2,27,247,254,0,0,2,12,0,0,0,0,130
254,254,254,117,2,27,247,254,0,0,2,12,0,0,0,0,130
254,254,254,119,2,27,247,254,0,0,2,12,0,0,0,0,130
254,254,254,120,2,27,248,254,0,0,2,12,0,0,0,0,130
254,254,254,122,2,27,248,254,0,0,2,13,0,0,0,0,130
254,254,254,124,2,27,247,254,0,0,2,13,0,0,0,0,130
254,254,254,126,2,27,247,254,0,0,2,13,0,0,0,0,130
254,254,254,126,2,27,247,254,0,0,2,13,0,0,0,0,130
254,254,254,126,2,27,247,254,0,0,2,13,0,0,0,0,130
254,254,254,127,2,27,247,254,0,0,2,13,0,0,0,0,130
254,254,254,130,2,27,247,254,0,0,2,13,0,0,0,0,130
254,254,254,130,2,27,247,254,0,0,2,13,0,0,0,0,130
254,254,254,130,2,27,247,254,0,0,2,12,0,0,0,0,130
254,254,254,131,2,27,246,254,0,0,2,12,0,0,0,0,130
254,254,254,130,2,27,246,254,0,0,2,12,0,0,0,0,130
254,254,254,129,2,27,246,254,0,0,2,12,0,0,0,0,130
254,254,254,129,2,27,245,254,0,0,2,12,0,0,0,0,130
254,254,254,129,2,27,245,254,0,0,2,11,0,0,0,0,130
254,254,254,128,2,27,245,254,0,0,2,11,0,0,0,0,130
254,254,254,127,2,27,245,254,0,0,2,11,0,0,0,0,130
254,254,254,124,2,27,244,254,0,0,2,11,0,0,0,0,130
254,254,254,120,2,27,244,254,0,0,2,11,0,0,0,0,130
254,254,254,116,2,27,244,254,0,0,2,12,0,0,0,0,130
254,254,254,111,2,27,243,254,0,0,2,14,0,0,0,0,130
254,254,254,106,2,27,243,254,0,0,2,16,0,0,0,0,130
254,254,254,102,2,27,242,254,0,0,2,17,0,0,0,0,130
254,254,254,97,1,28,241,254,0,0,2,17,0,0,0,0,130
254,254,254,93,1,28,240,254,0,0,2,17,0,0,0,0,130
254,254,254,90,1,28,238,254,0,0,2,17,0,0,0,0,130
254,254,254,93,1,28,236,254,0,0,2,16,0,0,0,0,130
254,254,254,100,1,28,234,254,0,0,2,15,0,0,0,0,130
254,254,254,103,1,28,231,254,0,0,2,15,0,0,0,0,130
254,254,254,105,1,27,229,254,0,0,2,15,0,0,0,0,130
254,254,254,104,1,27,227,254,0,0,2,15,0,0,0,0,130
254,254,254,104,2,27,225,254,0,0,2,14,0,0,0,0,130
254,254,254,99,2,27,223,254,0,0,2,13,0,0,0,0,130
254,254,254,97,2,27,222,254,0,0,2,13,0,0,0,0,130
254,254,254,97,2,27,223,254,0,0,2,12,0,0,0,0,130
254,254,254,97,2,27,224,254,0,0,2,11,0,0,0,0,130
254,254,254,96,2,27,225,254,0,0,2,12,0,0,0,0,130
254,254,254,94,2,28,224,254,0,0,2,14,0,0,0,0,130
254,254,254,92,2,28,223,254,0,0,2,16,0,0,0,0,130
254,254,254,90,2,28,222,254,0,0,2,17,0,0,0,0,130
254,254,254,91,2,28,222,254,0,0,2,19,0,0,0,0,130
254,254,254,91,2,28,222,254,0,0,2,18,0,0,0,0,130
254,254,254,94,2,28,222,254,0,0,2,17,0,0,0,0,130
254,254,254,94,2,28,221,254,0,0,2,15,0,0,0,0,130
254,254,254,95,2,28,221,254,0,0,2,15,0,0,0,0,130
254,254,254,95,2,28,220,254,0,0,2,16,0,0,0,0,130
254,254,254,97,2,28,220,254,0,0,2,16,0,0,0,0,130
254,254,254,100,2,28,219,254,0,0,2,16,0,0,0,0,130
254,254,254,100,2,28,219,254,0,0,2,16,0,0,0,0,130
254,254,254,99,2,28,218,254,0,0,2,15,0,0,0,0,130
254,254,254,98,2,28,218,254,0,0,2,15,0,0,0,0,130
254,254,254,100,2,28,218,254,0,0,2,15,0,0,0,0,130
254,254,254,102,2,28,218,254,0,0,2,16,0,0,0,0,130
254,254,254,107,2,28,218,254,0,0,2,17,0,0,0,0,130
254,254,254,112,2,28,218,254,0,0,2,17,0,0,0,0,130
254,254,254,116,2,28,218,254,0,0,2,18,0,0,0,0,130
254,254,254,118,2,28,218,254,0,0,2,18,0,0,0,0,130
254,254,254,115,2,28,217,254,0,0,2,17,0,0,0,0,130
254,254,254,113,2,28,218,254,0,0,2,17,0,0,0,0,130
254,254,254,112,2,28,219,254,0,0,2,17,0,0,0,0,130
254,254,254,111,2,28,219,254,0,0,2,17,0,0,0,0,130
254,254,254,111,2,28,220,254,0,0,2,17,0,0,0,0,130
254,254,254,112,2,28,222,254,0,0,2,17,0,0,0,0,130
254,254,254,111,2,28,223,254,0,0,2,18,0,0,0,0,130
254,254,254,110,2,28,223,254,0,0,2,19,0,0,0,0,130
254,254,254,108,2,28,225,254,0,0,2,20,0,0,0,0,130
254,254,254,106,2,28,226,254,0,0,2,22,0,0,0,0,130
254,254,254,104,2,28,227,254,0,0,2,25,0,0,0,0,130
254,254,254,102,2,28,228,254,0,0,2,26,0,0,0,0,130
254,254,254,100,2,28,229,254,0,0,2,27,0,0,0,0,130
254,254,254,99,2,28,230,254,0,0,2,27,0,0,0,0,130
254,254,254,98,2,28,230,254,0,0,2,27,0,0,0,0,130
254,254,254,98,2,28,230,254,0,0,2,28,0,0,0,0,130
254,254,254,98,2,28,230,254,0,0,2,27,0,0,0,0,130
254,254,254,97,2,28,230,254,0,0,2,27,0,0,0,0,130
254,254,254,96,2,29,231,254,0,0,2,27,0,0,0,0,130
254,254,254,96,2,29,232,254,0,0,2,27,0,0,0,0,130
254,254,254,95,2,29,233,254,0,0,2,27,0,0,0,0,130
254,254,254,94,2,29,234,254,0,0,2,27,0,0,0,0,130
254,254,254,92,2,29,234,254,0,0,2,27,0,0,0,0,130
254,254,254,90,2,29,235,254,0,0,2,28,0,0,0,0,130
254,254,254,88,2,29,237,254,0,0,2,30,0,0,0,0,130
254,254,254,85,2,29,238,254,0,0,2,31,0,0,0,0,130
254,254,253,83,2,30,240,254,0,0,2,32,0,0,0,0,130
254,254,252,80,2,30,241,254,0,0,2,32,0,0,0,0,130
254,254,251,78,2,30,242,254,0,0,2,32,0,0,0,0,130
254,254,250,76,2,30,242,254,0,0,2,32,0,0,0,0,130
254,254,249,74,2,30,242,254,0,0,2,32,0,0,0,0,130
254,254,248,73,2,30,242,254,0,0,2,32,0,0,0,0,130
254,254,246,72,2,30,241,254,0,0,2,31,0,0,0,0,130
254,254,245,72,2,30,241,254,0,0,2,32,0,0,0,0,130
254,254,245,72,2,30,241,254,0,0,2,31,0,0,0,0,130
254,254,251,72,2,30,241,254,0,0,2,31,0,0,0,0,130
254,254,254,74,2,30,240,254,0,0,2,30,0,0,0,0,130
254,254,254,75,2,30,239,254,0,0,2,29,0,0,0,0,130
254,254,254,78,2,30,235,254,0,0,2,27,0,0,0,0,130
254,254,254,84,2,29,229,254,0,0,2,25,0,0,0,0,130
254,254,254,93,2,28,220,251,0,0,1,22,0,0,0,0,130
254,254,254,104,2,27,208,242,0,0,1,19,0,0,0,0,130
254,252,254,113,2,25,192,230,0,0,1,16,0,0,0,0,130
254,246,254,107,1,23,173,213,0,0,1,13,0,0,0,0,130
254,234,254,102,1,20,152,193,0,0,1,10,0,0,0,0,130
247,218,251,92,1,18,129,169,0,0,0,8,0,0,0,0,130
233,198,243,92,1,15,106,143,0,0,0,5,0,0,0,0,130
211,174,231,91,1,12,83,118,0,0,0,3,0,0,0,0,130
185,149,214,89,1,9,62,92,0,0,0,2,0,0,0,0,130
160,124,192,83,0,6,44,67,0,0,0,1,0,0,0,0,130
134,98,168,75,0,4,29,45,0,0,0,0,0,0,0,0,130
109,73,142,64,0,2,17,28,0,0,0,0,0,0,0,0,130
83,49,117,53,0,1,9,15,0,0,0,0,0,0,0,0,130
58,31,91,42,0,0,3,6,0,0,0,0,0,0,0,0,130
32,17,66,32,0,0,1,1,0,0,0,0,0,0,0,0,130
14,7,43,23,0,0,0,0,0,0,0,0,0,0,0,0,130
3,2,26,15,0,0,0,0,0,0,0,0,0,0,0,0,130
0,0,13,8,0,0,0,0,0,0,0,0,0,0,0,0,130
0,0,5,3,0,0,0,0,0,0,0,0,0,0,0,0,130
0,0,1,1,0,0,0,0,0,0,0,0,0,0,0,0,130
0,0,0,0,0,0,0,0,0,0,0,0,0,0,0,0,130
0,0,0,0,0,0,0,0,0,0,0,0,0,0,0,0,130
0,0,0,0,0,0,0,0,0,0,0,0,0,0,0,0,130
0,0,0,0,0,0,0,0,0,0,0,0,0,0,0,0,130
0,0,0,0,0,0,0,0,0,0,0,0,0,0,0,0,130
0,0,0,0,0,0,0,0,0,0,0,0,0,0,0,0,130
0,0,0,0,0,0,0,0,0,0,0,0,0,0,0,0,130
0,0,0,0,0,0,0,0,0,0,0,0,0,0,0,0,130
0,0,0,0,0,0,0,0,0,0,0,0,0,0,0,0,130
0,0,0,0,0,0,0,0,0,0,0,0,0,0,0,0,130
0,0,0,0,0,0,0,0,0,0,0,0,0,0,0,0,130
0,0,0,0,0,0,0,0,0,0,0,0,0,0,0,0,130