,130
3,11,36,136,254,47,0,0,2,0,0,0,0,0,0,0,130
5,23,43,144,254,57,0,0,2,0,0,0,0,0,0,0,130
6,34,48,150,254,66,0,0,2,0,0,0,0,0,0,0,130
8,45,54,158,254,73,0,0,2,0,0,0,0,0,0,0,130
8,53,65,172,254,72,0,0,2,0,0,0,0,0,0,0,130
9,62,78,185,254,72,0,0,2,0,0,0,0,0,0,0,130
9,84,99,201,254,74,0,0,2,0,0,0,0,0,0,0,130
9,108,126,216,254,78,0,0,2,0,0,0,0,0,0,0,130
9,131,157,240,254,82,0,0,2,0,0,0,0,0,0,0,130
9,155,192,254,254,86,0,0,2,0,0,0,0,0,0,0,130
9,177,226,254,254,89,0,0,2,0,0,0,0,0,0,0,130
9,200,254,254,254,92,0,0,2,0,0,0,0,0,0,0,130
10,223,254,254,254,95,0,1,2,0,0,0,0,0,0,0,130
10,246,254,254,254,97,1,1,2,0,0,0,0,0,0,0,130
10,254,254,254,254,99,1,2,2,0,0,0,0,0,0,0,130
10,254,254,254,254,102,1,2,2,0,0,0,0,0,0,0,130
10,254,254,254,254,102,1,3,2,0,0,0,0,0,0,0,130
10,254,254,254,254,103,1,3,2,0,0,0,0,0,0,0,130
10,254,254,254,254,104,1,3,2,0,0,0,0,0,0,0,130
10,254,254,254,254,104,1,3,2,0,0,0,0,0,0,0,130
12,254,254,254,254,103,1,3,2,0,0,0,0,0,0,0,130
16,254,254,254,254,103,1,3,2,0,0,0,0,0,0,0,130
16,254,254,254,254,102,1,3,2,0,0,0,0,0,0,0,130
20,254,254,254,254,102,1,3,2,0,0,0,0,0,0,0,130
22,254,254,254,254,103,1,3,2,0,0,0,0,0,0,0,130
21,254,254,254,254,103,1,3,2,0,0,0,0,0,0,0,130
15,254,254,254,254,103,1,3,2,0,0,0,0,0,0,0,130
16,254,254,254,254,103,1,3,2,0,0,0,0,0,0,0,130
16,254,254,254,254,103,1,3,2,0,0,0,0,0,0,0,130
16,254,254,254,254,103,1,3,2,0,0,0,0,0,0,0,130
15,254,254,254,254,103,1,3,2,0,0,0,0,0,0,0,130
15,254,254,254,254,103,1,3,2,0,0,0,0,0,0,0,130
14,254,254,254,254,103,1,3,2,0,0,0,0,0,0,0,130
13,254,254,254,254,104,1,3,2,0,0,0,0,0,0,0,130
12,254,254,254,254,104,1,3,2,0,0,0,0,0,0,0,130
11,254,254,254,254,105,1,3,2,0,0,0,0,0,0,0,130
10,254,254,254,254,105,1,3,2,0,0,0,0,0,0,0,130
10,254,254,254,254,105,1,3,2,0,0,0,0,0,0,0,130
10,254,254,254,254,105,1,3,2,0,0,0,0,0,0,0,130
10,254,254,254,254,105,1,3,2,0,0,0,0,0,0,0,130
10,254,254,254,254,106,1,3,2,0,0,0,0,0,0,0,130
10,254,254,254,254,106,1,3,2,0,0,0,0,0,0,0,130
10,254,254,254,254,106,1,3,2,0,0,0,0,0,0,0,130
10,254,254,254,254,107,1,3,2,0,0,0,0,0,0,0,130
10,254,254,254,254,108,1,3,2,0,0,0,0,0,0,0,130
10,254,254,254,254,108,1,3,2,0,0,0,0,0,0,0,130
10,254,254,254,254,108,1,3,2,0,0,0,0,0,0,0,130
10,254,254,254,254,108,1,3,2,0,0,0,0,0,0,0,130
10,254,254,254,254,109,1,3,2,0,0,0,0,0,0,0,130
12,254,254,254,254,109,1,3,2,0,0,0,0,0,0,0,130
11,254,254,254,254,109,1,3,2,0,0,0,0,0,0,0,130
11,254,254,254,254,109,1,3,2,0,0,0,0,0,0,0,130
11,254,254,254,254,109,1,3,2,0,0,0,0,0,0,0,130
11,254,254,254,254,109,1,3,2,0,0,0,0,0,0,0,130
12,254,254,254,254,109,1,3,2,0,0,0,0,0,0,0,130
12,254,254,254,254,108,1,3,2,0,0,0,0,0,0,0,130
18,254,254,254,254,108,1,3,2,0,0,0,0,0,0,0,130
14,254,254,254,254,108,1,3,2,0,0,0,0,0,0,0,130
12,254,254,254,254,108,1,3,2,0,0,0,0,0,0,0,130
12,254,254,254,254,108,1,3,2,0,0,0,0,0,0,0,130
12,254,254,254,254,107,1,3,2,0,0,0,0,0,0,0,130
12,254,254,254,254,107,1,3,2,0,0,0,0,0,0,0,130
12,254,254,254,254,107,1,3,2,0,0,0,0,0,0,0,130
12,254,254,254,254,107,1,3,2,0,0,0,0,0,0,0,130
14,254,254,254,254,106,1,3,2,0,0,0,0,0,0,0,130
18,254,254,254,254,106,1,3,2,0,0,0,0,0,0,0,130
13,254,254,254,254,106,1,3,2,0,0,0,0,0,0,0,130
13,254,254,254,254,106,1,3,2,0,0,0,0,0,0,0,130
13,254,254,254,254,106,1,3,2,0,0,0,0,0,0,0,130
13,254,254,254,254,106,1,3,2,0,0,0,0,0,0,0,130
14,254,254,254,254,106,1,3,2,0,0,0,0,0,0,0,130
15,254,254,254,254,105,1,3,2,0,0,0,0,0,0,0,130
21,254,254,254,254,106,1,3,2,0,0,0,0,0,0,0,130
21,254,254,254,254,106,1,3,2,0,0,0,0,0,0,0,130
15,254,254,254,254,107,2,3,2,0,0,0,0,0,0,0,130
15,254,254,254,254,107,2,3,2,0,0,0,0,0,0,0,130
15,254,254,254,254,107,1,3,2,0,0,0,0,0,0,0,130
14,254,254,254,254,107,1,3,2,0,0,0,0,0,0,0,130
14,254,254,254,254,107,1,3,2,0,0,0,0,0,0,0,130
14,254,254,254,254,107,1,3,2,0,0,0,0,0,0,0,130
20,254,254,254,254,107,1,3,2,0,0,0,0,0,0,0,130
23,254,254,254,254,107,1,3,2,0,0,0,0,0,0,0,130
17,254,254,254,254,107,1,3,2,0,0,0,0,0,0,0,130
14,254,254,254,254,107,2,3,2,0,0,0,0,0,0,0,130
14,254,254,254,254,106,2,3,2,0,0,0,0,0,0,0,130
14,254,254,254,254,106,2,3,2,0,0,0,0,0,0,0,130
14,254,254,254,254,106,2,3,2,0,0,0,0,0,0,0,130
14,254,254,254,254,106,2,3,2,0,0,0,0,0,0,0,130
15,254,254,254,254,106,2,3,2,0,0,0,0,0,0,0,130
15,254,254,254,254,105,1,3,2,0,0,0,0,0,0,0,130
14,253,254,254,254,104,1,3,2,0,0,0,0,0,0,0,130
12,248,254,254,254,102,1,3,2,0,0,0,0,0,0,0,130
11,240,254,254,254,98,1,2,2,0,0,0,0,0,0,0,130
10,228,252,254,254,93,1,2,2,0,0,0,0,0,0,0,130
9,212,244,254,254,87,1,2,2,0,0,0,0,0,0,0,130
8,193,231,254,254,79,1,2,2,0,0,0,0,0,0,0,130
7,170,213,248,247,70,1,1,1,0,0,0,0,0,0,0,130
6,145,191,238,232,60,0,1,1,0,0,0,0,0,0,0,130
5,119,169,225,211,50,0,1,1,0,0,0,0,0,0,0,130
3,94,145,210,186,40,0,0,1,0,0,0,0,0,0,0,130
2,70,120,191,161,30,0,0,0,0,0,0,0,0,0,0,130
1,49,95,170,135,22,0,0,0,0,0,0,0,0,0,0,130
1,32,70,147,110,15,0,0,0,0,0,0,0,0,0,0,130
0,18,46,122,84,9,0,0,0,0,0,0,0,0,0,0,130
0,9,29,97,59,5,0,0,0,0,0,0,0,0,0,0,130
0,3,16,72,33,2,0,0,0,0,0,0,0,0,0,0,130
0,0,9,52,15,0,0,0,0,0,0,0,0,0,0,0,130
0,0,5,37,5,0,0,0,0,0,0,0,0,0,0,0,130
0,0,2,24,0,0,0,0,0,0,0,0,0,0,0,0,130
0,0,1,14,0,0,0,0,0,0,0,0,0,0,0,0,130
0,0,0,7,0,0,0,0,0,0,0,0,0,0,0,0,130
0,0,0,3,0,0,0,0,0,0,0,0,0,0,0,0,130
0,0,0,1,0,0,0,0,0,0,0,0,0,0,0,0,130
0,0,0,0,0,0,0,0,0,0,0,0,0,0,0,0,130
0,0,0,0,0,0,0,0,0,0,0,0,0,0,0,0,130