,130
0,0,0,0,0,0,0,0,0,0,0,0,0,0,0,0,130
0,0,0,1,0,0,0,0,0,0,0,0,0,0,0,0,130
0,0,0,1,0,0,0,0,0,0,0,0,0,0,0,0,130
0,0,0,1,0,0,0,0,0,0,0,0,0,0,0,0,130
0,0,0,1,0,0,0,0,0,0,0,0,0,0,0,0,130
0,0,0,1,0,0,0,0,0,0,0,0,0,0,0,0,130
0,0,0,1,0,0,0,0,0,0,0,0,0,0,0,0,130
0,0,0,1,0,0,0,0,0,0,0,0,0,0,0,0,130
0,0,0,1,0,0,0,0,0,0,0,0,0,0,0,0,130
0,0,0,1,0,0,0,0,0,0,0,0,0,0,0,0,130
0,0,0,1,0,0,0,0,0,0,0,0,0,0,0,0,130
0,0,0,1,0,0,0,0,0,0,0,0,0,0,0,0,130
0,0,0,1,0,0,0,0,0,0,0,0,0,0,0,0,130
0,0,0,0,0,0,0,0,0,0,0,0,0,0,0,0,130
0,0,0,0,0,0,0,0,0,0,0,0,0,0,0,0,130
0,0,0,0,0,0,0,0,0,0,0,0,0,0,0,0,130
0,0,0,0,0,0,0,0,0,0,0,0,0,0,0,0,130
0,0,0,0,0,0,0,0,0,0,0,0,0,0,0,0,130
0,0,0,1,0,0,0,0,0,0,0,0,0,0,0,0,130
0,0,0,4,0,0,0,0,0,0,0,0,0,0,0,0,130
0,0,0,8,0,0,0,0,0,0,0,0,0,0,0,0,130
0,0,0,12,0,0,0,0,0,0,0,0,0,0,0,0,130
0,0,0,17,0,0,0,0,0,0,0,0,0,0,0,0,130
0,0,0,22,0,0,0,0,0,0,0,0,0,0,0,0,130
0,0,0,28,0,0,0,0,0,0,0,0,0,0,0,0,130
0,0,1,36,0,0,0,0,0,0,0,0,0,0,0,0,130
0,0,1,43,0,0,0,0,0,0,0,0,0,0,0,0,130
0,0,1,50,0,0,0,0,0,0,0,0,0,0,0,0,130
0,0,1,51,0,0,0,0,0,0,0,0,0,0,0,0,130
0,0,1,52,0,0,0,0,0,0,0,0,0,0,0,0,130
0,0,1,53,0,0,0,0,0,0,0,0,0,0,0,0,130
0,0,1,53,0,0,0,0,0,0,0,0,0,0,0,0,130
0,0,2,53,0,0,0,0,0,0,0,0,0,0,0,0,130
0,0,2,53,0,0,0,0,0,0,0,0,0,0,0,0,130
0,0,1,53,0,0,0,0,0,0,0,0,0,0,0,0,130
0,0,1,52,0,0,0,0,0,0,0,0,0,0,0,0,130
0,0,1,52,0,0,0,0,0,0,0,0,0,0,0,0,130
0,0,1,53,0,0,0,0,0,0,0,0,0,0,0,0,130
0,0,1,53,0,0,0,0,0,0,0,0,0,0,0,0,130
0,0,2,53,0,0,0,0,0,0,0,0,0,0,0,0,130
0,0,2,54,0,0,0,0,0,0,0,0,0,0,0,0,130
0,0,2,56,0,0,0,0,0,0,0,0,0,0,0,0,130
0,0,2,57,0,0,0,0,0,0,0,0,0,0,0,0,130
0,0,2,59,0,0,0,0,0,0,0,0,0,0,0,0,130
0,0,2,60,0,0,0,0,0,0,0,0,0,0,0,0,130
0,0,3,60,0,0,0,0,0,0,0,0,0,0,0,0,130
0,0,3,56,0,0,0,0,0,0,0,0,0,0,0,0,130
0,0,2,55,0,0,0,0,0,0,0,0,0,0,0,0,130
0,0,2,54,0,0,0,0,0,0,0,0,0,0,0,0,130
0,0,2,52,0,0,0,0,0,0,0,0,0,0,0,0,130
0,0,2,49,0,0,0,0,0,0,0,0,0,0,0,0,130
0,0,2,45,0,0,0,0,0,0,0,0,0,0,0,0,130
0,0,2,40,0,0,0,0,0,0,0,0,0,0,0,0,130
0,0,2,35,0,0,0,0,0,0,0,0,0,0,0,0,130
0,0,1,29,0,0,0,0,0,0,0,0,0,0,0,0,130
0,0,2,23,0,0,0,0,0,0,0,0,0,0,0,0,130
0,0,4,18,0,0,0,0,0,0,0,0,0,0,0,0,130
0,0,8,14,0,0,0,0,0,0,0,0,0,0,0,0,130
0,0,11,11,0,0,0,0,0,0,0,0,0,0,0,0,130
0,0,19,15,0,0,0,0,0,0,0,0,0,0,0,0,130
0,2,34,20,0,0,0,0,0,0,0,0,0,0,0,0,130
0,8,54,25,0,0,0,0,0,0,0,0,0,0,0,0,130
1,22,78,30,0,0,0,0,0,0,0,0,0,0,0,0,130
11,69,103,32,0,0,0,0,0,0,0,0,0,0,0,0,130
27,132,122,31,0,0,0,0,0,0,0,0,0,0,0,0,130
32,158,136,32,0,0,0,0,0,0,0,0,0,0,0,0,130
33,171,151,34,0,0,0,0,0,0,0,0,0,0,0,0,130
36,187,168,34,0,0,0,0,0,0,0,0,0,0,0,0,130
52,254,206,35,0,0,0,0,0,0,0,0,0,0,0,0,130
70,254,241,34,0,0,0,0,0,0,0,0,0,0,0,0,130
83,254,254,34,0,1,0,0,0,0,0,0,0,0,0,0,130
96,254,254,34,0,2,0,0,0,0,0,0,0,0,0,0,130
95,254,254,35,0,2,0,0,0,0,0,0,0,0,0,0,130
78,254,254,37,0,3,0,0,0,0,0,0,0,0,0,0,130
64,254,254,39,0,3,0,0,0,0,0,0,0,0,0,0,130
66,254,254,37,0,3,0,0,0,0,0,0,0,0,0,0,130
68,254,239,35,0,3,0,0,0,0,0,0,0,0,0,0,130
69,254,242,34,0,3,0,0,0,0,0,0,0,0,0,0,130
67,254,238,33,0,2,0,0,0,0,0,0,0,0,0,0,130
62,246,224,31,0,2,0,0,0,0,0,0,0,0,0,0,130
54,228,204,28,0,2,0,0,0,0,0,0,0,0,0,0,130
45,204,179,25,0,2,0,0,0,0,0,0,0,0,0,0,130
35,179,154,22,0,2,0,0,0,0,0,0,0,0,0,0,130
27,153,128,18,0,1,0,0,0,0,0,0,0,0,0,0,130
21,128,103,14,0,1,0,0,0,0,0,0,0,0,0,0,130
15,102,77,11,0,1,0,0,0,0,0,0,0,0,0,0,130
10,77,53,7,0,0,0,0,0,0,0,0,0,0,0,0,130
5,51,32,5,0,0,0,0,0,0,0,0,0,0,0,0,130
2,26,16,3,0,0,0,0,0,0,0,0,0,0,0,0,130
0,9,6,1,0,0,0,0,0,0,0,0,0,0,0,0,130
0,1,0,0,0,0,0,0,0,0,0,0,0,0,0,0,130
0,0,0,0,0,0,0,0,0,0,0,0,0,0,0,0,130
